34.0430231	-118.2671571
34.01727346	-118.4475088
34.01727346	-118.4475088
34.01727346	-118.4475088
34.02476572	-118.3281102
34.03082692	-118.4686976
34.04261415	-118.2696247
34.01727346	-118.4475088
34.03038043	-118.4662628
34.03148192	-118.4687746
34.03011917	-118.4670353
34.05771938	-118.4129606
34.06330275	-118.3193407
34.10178623	-118.3221429
34.10280448	-118.3257226
34.10141094	-118.3232528
34.06313901	-118.2974768
34.06320123	-118.2983029
34.06327233	-118.2985389
34.06286183	-118.3091201
34.06267993	-118.3088401
34.061429	-118.3063632
34.03461992	-118.3456305
34.03002165	-118.4676396
34.03007813	-118.4673142
34.0302281	-118.4681672
34.01727346	-118.4475088
34.04261415	-118.2696247
34.04523605	-118.2682585
34.06207728	-118.2487878
34.05494915	-118.2559049
34.05063338	-118.2587427
34.05099442	-118.2596859
34.05189295	-118.260597
34.03011917	-118.4670353
34.01727346	-118.4475088
34.04006264	-118.2704079
34.04576121	-118.2673287
34.05400699	-118.2580448
34.06502324	-118.2497656
34.07020205	-118.2601594
37.77192748	-122.403971
37.77511727	-122.397903
34.03041482	-118.2708176
34.02544437	-118.2773393
34.02422155	-118.2782979
34.01750254	-118.2800001
34.01744825	-118.2797147
34.01710024	-118.2827343
34.01921902	-118.2817774
34.02107949	-118.2862759
33.82233355	-118.2902539
33.83188453	-118.2772744
33.82840765	-118.2985576
33.83160405	-118.2978056
33.83200795	-118.297319
33.83214646	-118.2794416
33.83228014	-118.2795382
33.83178786	-118.2894022
33.83117768	-118.2883451
33.86465118	-118.255336
33.86459545	-118.2614708
33.86433997	-118.2610846
33.87202958	-118.2669474
33.86548954	-118.2785956
34.0430231	-118.2671571
34.04728825	-118.2623153
34.04786057	-118.2617291
34.05244324	-118.2636381
34.05142586	-118.2640681
34.05091869	-118.4109387
34.05152161	-118.4110951
34.04375743	-118.421707
34.04083306	-118.426042
34.02717451	-118.4548427
34.03002165	-118.4676396
34.03011033	-118.4551926
34.02964532	-118.4586598
34.01727346	-118.4475088
34.02936727	-118.4114486
34.02784937	-118.3937375
34.06165847	-118.2930836
34.0576885	-118.3021411
34.05786943	-118.3010091
34.0472223	-118.2997454
34.03007813	-118.4673142
34.05276912	-118.257312
34.04889036	-118.2609129
34.01727346	-118.4475088
34.03360312	-118.4493139
34.03438105	-118.4488093
34.0372211	-118.4418917
34.03872126	-118.4394311
34.03955952	-118.4397476
34.0437771	-118.4313235
34.0581527	-118.4147429
34.05771938	-118.4129606
34.05905107	-118.4107355
34.05601251	-118.3759292
34.06007202	-118.3627867
34.05771527	-118.3633003
34.05897973	-118.3448339
34.0627235	-118.3438334
34.08307328	-118.2734911
34.08884422	-118.2687599
34.08970913	-118.2683093
34.04576121	-118.2673287
34.04261415	-118.2696247
34.04600129	-118.2661999
34.04525008	-118.2666994
34.04435633	-118.26617
34.03461992	-118.3456305
34.03151735	-118.4570271
34.01727346	-118.4475088
34.029408	-118.430591
34.028038	-118.427612
34.03004008	-118.4241613
34.19644488	-118.3461697
34.19611435	-118.3539104
37.71134872	-122.2123541
37.71049803	-122.2135726
37.71052745	-122.2120428
37.71034324	-122.2121245
37.71034324	-122.2121245
37.71034324	-122.2121245
37.71034324	-122.2121245
37.71034324	-122.2121245
37.71034324	-122.2121245
37.71034324	-122.2121245
37.71184792	-122.211843
37.71184792	-122.211843
37.71184792	-122.211843
37.7122487	-122.2122092
37.71207845	-122.2115818
37.7174387	-122.2072836
37.71417707	-122.2108412
37.7513378	-122.2011209
37.75025621	-122.2028911
37.76917267	-122.2159119
37.82477704	-122.3138005
37.8099332	-122.349752
37.79911367	-122.3889844
37.80344008	-122.4006772
37.82456518	-122.4160194
37.82628715	-122.4206758
37.82656516	-122.4206221
37.82620076	-122.4215019
37.82672617	-122.4217057
37.82631728	-122.4220061
37.82788715	-122.4248385
37.82620076	-122.4221858
37.8280524	-122.4245059
37.82804816	-122.424109
37.82633635	-122.4224031
37.82669906	-122.4223682
37.82654186	-122.4237442
37.82551433	-122.4218452
37.82702066	-122.424109
37.82668304	-122.421085
37.82703125	-122.4215341
37.82706499	-122.4221134
37.8272537	-122.4224111
37.8276986	-122.4231702
37.82718379	-122.4234277
37.82707362	-122.4217889
37.82685405	-122.4233828
37.82707786	-122.4237174
37.82659906	-122.4228859
37.80344008	-122.4006772
37.80301302	-122.4009845
37.80135801	-122.4005377
37.80081275	-122.4002241
37.80091017	-122.400424
37.80079727	-122.3987661
37.80115512	-122.3989892
37.80031767	-122.39679
37.80000738	-122.3979827
37.79894202	-122.3975307
37.79922847	-122.39729
37.79618471	-122.3970001
37.79557411	-122.396214
37.79313809	-122.3962926
37.79313228	-122.3964641
37.79559481	-122.394499
37.79560023	-122.3945351
37.79561923	-122.3945014
37.79922847	-122.39729
37.79569208	-122.3946949
37.79571789	-122.3947644
37.79568649	-122.393682
37.79560313	-122.3940421
37.79581972	-122.3937843
37.79564787	-122.3939052
37.79574115	-122.3937962
37.79576022	-122.394172
37.79604256	-122.3942828
37.7957967	-122.3941219
37.79582478	-122.3940562
37.79588145	-122.394027
37.79595778	-122.3939502
37.78982692	-122.397603
37.790873	-122.399524
37.7952965	-122.3935747
37.79177805	-122.3928881
37.79474262	-122.3991735
37.79375897	-122.3931795
37.79079455	-122.3950982
37.79289722	-122.4009777
37.78957635	-122.3975815
37.79413262	-122.4014373
37.79581633	-122.4027721
37.79413501	-122.3990947
37.79416892	-122.3991215
37.79439957	-122.400079
37.7948618	-122.4008861
37.79479437	-122.400148
37.7980306	-122.4045235
37.79822347	-122.4045691
37.79810882	-122.4042298
37.79413501	-122.3990947
37.79563146	-122.399689
37.7976577	-122.4007993
37.79778661	-122.4007
37.79537493	-122.3960802
37.7959435	-122.3961455
37.7955678	-122.3961926
37.79569929	-122.3967906
37.79588705	-122.394878
37.79615648	-122.3957595
37.79587898	-122.3937889
37.79572589	-122.3937299
37.79586803	-122.3935846
37.7954473	-122.3929184
37.79547454	-122.393049
37.79615588	-122.3936972
37.79588705	-122.394878
37.79596805	-122.3931542
37.79596805	-122.3931542
37.79524598	-122.3931101
37.79515692	-122.3932981
37.79522567	-122.3934158
37.79441478	-122.3959887
37.80262959	-122.4024475
37.7879542	-122.4075329
37.79762505	-122.4065995
37.79536432	-122.4031556
37.79533889	-122.3937249
37.79065042	-122.4055776
37.78718686	-122.3977214
37.78582599	-122.4065191
37.78323134	-122.4037457
37.78580903	-122.4010634
37.78276127	-122.4007778
37.77993766	-122.4030532
37.77855253	-122.4020511
37.77963914	-122.4011584
37.7804718	-122.4003525
37.80233772	-122.3733681
37.82065765	-122.3346049
37.82105805	-122.3317915
37.82153964	-122.318843
37.82189906	-122.3188537
37.82477704	-122.3138005
37.82477704	-122.3138005
37.81923488	-122.2932451
37.80985766	-122.3044869
37.80682625	-122.3013853
37.80012198	-122.2875553
37.80319756	-122.2858679
37.8006883	-122.2774136
37.79352138	-122.2670788
37.78032293	-122.2494578
37.77334117	-122.2358727
37.76476097	-122.2248101
37.7513378	-122.2011209
37.75025621	-122.2028911
37.72982183	-122.1942685
37.72665933	-122.2052655
34.19658683	-118.3534571
34.19670809	-118.3506485
34.19637258	-118.3515062
34.19650237	-118.3520002
34.19825073	-118.3419181
34.19611435	-118.3539104
34.0911469	-118.2837227
34.0910327	-118.2871239
34.08347043	-118.2867089
34.0729454	-118.2827918
34.07594013	-118.28843
34.0736246	-118.2860184
34.05853354	-118.2804051
34.05189368	-118.285126
34.052708	-118.376452
34.052708	-118.376452
34.05465752	-118.3836487
34.05434919	-118.4120999
34.04764294	-118.4112012
34.04457222	-118.4194379
34.0421794	-118.4262071
34.04121101	-118.4262813
34.04016023	-118.4284324
34.04083306	-118.426042
34.04003986	-118.4285525
34.03837673	-118.4316077
34.03841723	-118.4316335
34.0386692	-118.4309185
34.03750906	-118.4374439
34.03296648	-118.4526931
34.03390438	-118.4487222
34.03275833	-118.4527017
34.03024047	-118.461229
34.02840651	-118.4517574
34.02278562	-118.462741
34.02339683	-118.4633352
34.01727346	-118.4475088
34.03365272	-118.4359666
34.028902	-118.404039
34.02557963	-118.3956179
34.03188063	-118.3914134
34.04068784	-118.3490048
34.03246343	-118.347103
34.03461992	-118.3456305
34.04389501	-118.2758045
34.0556538	-118.2570934
34.05476677	-118.2591357
34.05618295	-118.2544256
34.05384774	-118.2554768
34.05240632	-118.2570235
34.04919483	-118.2604918
34.04955258	-118.260288
34.04528963	-118.2664676
34.0430231	-118.2671571
34.03816897	-118.2740021
34.03482663	-118.2840531
34.03579474	-118.2915276
34.03987478	-118.3707382
34.03038935	-118.38464
34.02936727	-118.4114486
34.02996617	-118.4674145
34.01727346	-118.4475088
34.07623762	-118.2890414
34.07612752	-118.2918158
34.07023622	-118.2921433
34.06950183	-118.2905178
34.06929817	-118.2912111
34.07033105	-118.2922212
34.06917895	-118.2935232
34.06874193	-118.2960148
34.06935615	-118.301907
34.06184055	-118.3134481
34.06203747	-118.3145034
34.0530399	-118.3182655
34.0299288	-118.4680838
34.0300474	-118.4681233
34.02984768	-118.4678303
34.03007813	-118.4673142
34.0302281	-118.4681672
34.03115622	-118.4629188
34.02938812	-118.472724
34.02979924	-118.4721701
34.02780906	-118.4705996
34.0274974	-118.4698354
34.03252532	-118.4659683
34.03003787	-118.4715278
34.03078748	-118.4709222
34.03003781	-118.4646826
34.03128598	-118.4695586
34.03903222	-118.4677732
34.03878965	-118.4670629
34.07603692	-118.3433404
34.07229393	-118.3334958
34.07588311	-118.3230753
34.07601215	-118.3234648
34.074078	-118.31332
34.07611111	-118.3090278
34.07619417	-118.304252
34.07654104	-118.2919085
34.077954	-118.2913935
34.08377587	-118.2932716
34.09018723	-118.2917152
34.08753304	-118.2932711
34.03011917	-118.4670353
34.04019156	-118.4730166
34.04108081	-118.4710195
34.04073932	-118.4727972
34.0483945	-118.4714062
34.07744747	-118.4744918
34.07699958	-118.4745395
34.072149	-118.451365
34.07365328	-118.4402812
34.07586495	-118.440644
34.07359482	-118.4397634
34.07391946	-118.4390223
34.08066267	-118.4126661
34.08062565	-118.4142745
34.07963771	-118.4139728
34.07963771	-118.4139728
34.09270685	-118.4011177
34.08520542	-118.383949
34.08521557	-118.3839747
34.08399835	-118.3857411
34.09012185	-118.3929264
34.08550035	-118.3832029
34.09750983	-118.3683987
34.09759848	-118.3678537
34.09806585	-118.3673599
34.09755455	-118.3650321
34.09833795	-118.345303
34.09828698	-118.3416652
34.09906852	-118.3374944
34.09797907	-118.3383054
34.09804604	-118.3378676
34.09796568	-118.3293547
34.0980432	-118.325794
34.09792432	-118.3252548
34.09857988	-118.3211446
34.09794737	-118.319334
34.09833259	-118.3194172
34.09792423	-118.3203701
34.10203657	-118.3090465
34.10182667	-118.3093319
34.10193801	-118.3087903
34.09816803	-118.3059713
34.10102165	-118.292739
34.09885855	-118.291561
34.10076428	-118.2919341
34.10055412	-118.2912386
34.10460672	-118.2916605
34.09887402	-118.2916845
34.09770975	-118.287215
34.09521248	-118.2832922
34.09908413	-118.2738519
34.1134723	-118.2656842
34.10634993	-118.2560155
34.082758	-118.2246645
34.07341291	-118.240217
34.07393085	-118.2401546
34.06522826	-118.2376073
34.06062367	-118.2443583
34.06242746	-118.2489387
34.06242746	-118.2489387
34.06265906	-118.2487249
34.05654762	-118.2510016
34.0602566	-118.2519471
34.0564789	-118.2547719
34.046794	-118.266432
34.0473417	-118.2673694
34.02541985	-118.35528
34.03987478	-118.3707382
34.03014481	-118.384662
34.03038935	-118.38464
34.03063232	-118.4018215
34.02936727	-118.4114486
34.02519728	-118.4114541
34.02733042	-118.428827
34.02042333	-118.4219958
34.02265378	-118.4393527
34.0083692	-118.4928179
34.00909169	-118.4931171
34.00895925	-118.4919663
34.04884592	-118.2383823
34.02704575	-118.5019665
34.025393	-118.503405
34.02139694	-118.5020626
34.01785165	-118.5030629
34.013835	-118.4977714
34.01368038	-118.497588
34.0115261	-118.4949732
34.01183979	-118.4939754
34.01331607	-118.493042
34.0131688	-118.4921217
34.01535805	-118.4918913
34.01528853	-118.4939368
34.01513671	-118.4935608
34.01421045	-118.494629
34.01440104	-118.493793
34.01448102	-118.4946228
34.01386753	-118.4938492
34.01358341	-118.4938616
34.01360368	-118.4918692
34.01379905	-118.4938333
34.01354397	-118.4937599
34.0155037	-118.4924971
34.01537775	-118.492012
34.014868	-118.491811
34.01468183	-118.4926469
34.01377185	-118.493793
34.01382208	-118.4934604
34.01343747	-118.4941777
34.01351916	-118.4943589
34.01342724	-118.4945548
34.01350847	-118.4938412
34.0151232	-118.4956101
34.01316612	-118.4930349
34.01414314	-118.4944046
34.09140475	-118.2789872
34.04656129	-118.2342196
34.04651843	-118.2337046
34.04618792	-118.2341444
34.04694618	-118.2342898
34.04785022	-118.2395515
34.0491784	-118.2391276
34.0474139	-118.239062
34.04947805	-118.2376515
34.04930288	-118.238191
34.04855282	-118.2388739
34.048378	-118.238405
34.04839111	-118.2382234
34.04615236	-118.2387578
34.04458769	-118.2490383
34.04790423	-118.2462988
34.04631337	-118.2445895
34.04812586	-118.2467079
34.045848	-118.245554
34.04894882	-118.2398778
34.0488957	-118.240289
34.04901157	-118.2400775
34.04894762	-118.2400022
34.0489175	-118.240006
34.04885577	-118.2400627
34.04895207	-118.2400538
34.04834517	-118.2401276
34.04894814	-118.2399702
34.04791058	-118.239349
34.04687932	-118.2384862
34.04720392	-118.2388669
34.04583958	-118.2384511
34.04551991	-118.2380498
34.0464077	-118.2380562
34.04504037	-118.23565
34.045785	-118.2362221
34.0456173	-118.2359915
34.05969929	-118.237009
34.05861712	-118.237697
34.05969322	-118.2367663
34.05972355	-118.2394154
34.06107281	-118.2389626
34.06106164	-118.239482
34.0660724	-118.2373493
34.0663134	-118.23771
34.08425825	-118.2284387
34.10539531	-118.2549638
34.10137361	-118.2901869
34.09133465	-118.2789856
34.1033083	-118.2874202
34.10317155	-118.2873398
34.10282658	-118.287329
34.10270532	-118.287649
34.10191628	-118.2869151
34.10161157	-118.2873146
34.10912317	-118.2878628
34.10418917	-118.2916284
34.10450745	-118.2917557
34.10190844	-118.2943332
34.10188387	-118.2942951
34.0948144	-118.2818599
34.08934265	-118.2918045
34.1054108	-118.2872401
34.09347718	-118.2809114
34.09541653	-118.2963263
34.1000551	-118.2943761
34.09268643	-118.2808256
34.09519355	-118.2941763
34.09616115	-118.2934539
34.09785245	-118.2917431
34.10048552	-118.2902092
34.10042587	-118.2901427
34.09829021	-118.2915491
34.09553197	-118.2834025
34.10029575	-118.2901354
34.10030578	-118.2901197
34.09551492	-118.2835097
34.095515	-118.2836565
34.09511342	-118.2841239
34.10106728	-118.2873042
34.09569568	-118.2837247
34.10103781	-118.2871556
34.09584352	-118.2837139
34.09991195	-118.2900006
34.1003079	-118.2893647
34.096098	-118.28375
34.09979598	-118.2898111
34.09601363	-118.2839463
34.09803552	-118.2906691
34.09578467	-118.2843239
34.0988794	-118.2903139
34.09569695	-118.2845413
34.0960441	-118.2898985
34.09546422	-118.2849339
34.09939575	-118.2897263
34.09547687	-118.2850434
34.09571607	-118.2847329
34.09624167	-118.2847231
34.0985133	-118.2893603
34.097134	-118.284716
34.09583497	-118.2866424
34.09893865	-118.2877564
34.097808	-118.2851772
34.0973702	-118.2857554
34.0984479	-118.2879385
34.09851533	-118.2876796
34.09766087	-118.2859633
34.09827468	-118.2878774
34.09834141	-118.2877907
34.09810643	-118.2861594
34.09686877	-118.287328
34.09828985	-118.2865351
34.09716904	-118.2877618
34.09736605	-118.2878425
34.09801737	-118.2867463
34.09801008	-118.2871982
34.09772428	-118.2873207
34.1134723	-118.2656842
34.0981917	-118.2474516
34.03085782	-118.4167264
34.03234005	-118.4175378
34.03109442	-118.4470899
34.03134645	-118.4471822
34.02717451	-118.4548427
34.02637242	-118.4555483
34.03011917	-118.4670353
34.01727346	-118.4475088
34.12259983	-118.2248634
34.1224452	-118.2232424
34.12274122	-118.2223642
34.07816642	-118.2615353
34.07736876	-118.2633577
34.06609587	-118.2605633
34.05757137	-118.2478983
34.06289076	-118.2466212
34.06526175	-118.2466653
34.06491129	-118.249242
34.06246304	-118.2486994
34.06265906	-118.2487249
34.03269413	-118.2682731
34.03011917	-118.4670353
34.01727346	-118.4475088
34.02576195	-118.4331203
34.036832	-118.429824
34.02633424	-118.4277824
34.02657037	-118.4270811
34.04021155	-118.4230585
34.03004008	-118.4241613
34.03044512	-118.4015969
34.03461992	-118.3456305
34.04536116	-118.2637239
34.04483908	-118.26349
34.04941	-118.259551
34.05494915	-118.2559049
34.05298112	-118.2551855
34.05428525	-118.2468823
34.07020205	-118.2601594
34.07003302	-118.2677253
34.08242837	-118.272148
34.08269228	-118.2719517
34.08884422	-118.2687599
34.09924947	-118.2592154
34.10452238	-118.2588313
34.0944359	-118.2433188
34.09417175	-118.2412203
34.09249695	-118.2411345
34.082758	-118.2246645
34.08327115	-118.2262691
34.08314645	-118.2231903
34.07457757	-118.2268731
34.07541357	-118.232259
34.07157343	-118.2324856
34.07341291	-118.240217
34.06591053	-118.2380442
34.0660047	-118.238162
34.05276912	-118.257312
34.05263702	-118.2584539
34.05063338	-118.2587427
34.05170031	-118.2620775
34.0452192	-118.266392
34.04502779	-118.2658803
34.04261415	-118.2696247
34.04009803	-118.2697275
34.03816897	-118.2740021
34.02984768	-118.4678303
34.03011917	-118.4670353
34.01727346	-118.4475088
34.03126957	-118.4335184
34.02885892	-118.3912406
34.03118133	-118.3911824
34.02863317	-118.3907728
34.10058487	-118.2594307
34.10030964	-118.2542239
34.10290459	-118.2590117
34.10332113	-118.2588429
34.10282362	-118.2588343
34.10348102	-118.2590695
34.1032096	-118.2586412
34.103172	-118.258532
34.10748083	-118.2544345
34.10250144	-118.2499507
34.1224452	-118.2232424
34.1139044	-118.2351787
34.12208228	-118.2237845
34.12259983	-118.2248634
34.12185583	-118.2243008
34.12166415	-118.2244087
34.11662252	-118.2354611
34.12199127	-118.2259379
34.12205083	-118.2335913
34.12154133	-118.232341
34.12067592	-118.2289088
34.11985212	-118.2275381
34.11983993	-118.2275459
34.1483646	-118.2279629
34.14865533	-118.2270632
34.180602	-118.222518
34.144675	-118.20452
34.183218	-118.2150556
34.17014122	-118.2293916
34.16756832	-118.1838662
34.16979425	-118.2288227
34.16869783	-118.229061
34.16849787	-118.228984
34.16849363	-118.2289458
34.16741273	-118.1846116
34.16846257	-118.2281623
34.16804225	-118.1852561
34.1674591	-118.2282849
34.15198027	-118.2094243
34.16053977	-118.1961536
34.17117958	-118.2036489
34.1615512	-118.2114056
34.15113943	-118.330851
34.15231515	-118.3496589
34.15034378	-118.3780529
34.1542089	-118.377015
34.15057773	-118.3793238
34.15813387	-118.4243131
34.15468749	-118.4495125
34.16114973	-118.4696725
34.1613936	-118.4674561
34.17119242	-118.496207
34.17179093	-118.5178619
34.170809	-118.531199
34.17257273	-118.5468513
34.17260182	-118.5578292
34.17041583	-118.5702298
34.16791663	-118.5850617
34.16971055	-118.6031736
34.16964593	-118.6081628
34.16457872	-118.626566
34.15696036	-118.6423944
34.1564405	-118.6516356
34.1532267	-118.6499845
34.14938008	-118.6609778
34.15020972	-118.6779127
34.14483431	-118.7005086
34.14395077	-118.7001877
34.14084887	-118.7058824
34.139183	-118.7102984
34.14243137	-118.7407263
34.14149813	-118.7436126
34.14354444	-118.7512958
34.1447288	-118.7625707
34.14478203	-118.7628489
34.14788345	-118.782541
34.14990489	-118.8016773
34.15440175	-118.8232101
34.15403187	-118.8229805
34.16358727	-118.8341821
34.17417885	-118.8464969
34.17569917	-118.8475131
34.1791741	-118.8559218
34.27913753	-118.8644747
34.27962176	-118.8733974
34.2799271	-118.874311
34.27953972	-118.8742312
34.27837687	-118.8733909
34.28028983	-118.8887089
34.27813017	-118.8831057
34.27931053	-118.8834227
34.27876188	-118.8846588
34.27978185	-118.8857799
34.28044568	-118.8885455
34.2793128	-118.8887028
34.2796552	-118.8673947
34.27877134	-118.8823549
34.27867877	-118.8721769
34.27810882	-118.8690055
34.27619296	-118.8746164
34.25421838	-118.848061
34.25531632	-118.8526958
34.27133258	-118.8569522
34.26769407	-118.8489421
34.28038043	-118.8656915
34.28228215	-118.8633012
34.30131918	-118.8339806
34.29202777	-118.8287052
34.28132422	-118.7930397
34.28349387	-118.7819626
34.28043407	-118.7863353
34.28306251	-118.7644162
34.28394332	-118.7626605
34.28073703	-118.7441935
34.28310023	-118.7195822
34.27883418	-118.7079274
34.27823787	-118.6853499
34.28233927	-118.6797853
34.2668167	-118.650468
34.27716388	-118.6153433
34.26882272	-118.6056083
34.2717651	-118.6050694
34.27497858	-118.5632858
34.27205565	-118.4991364
34.27325162	-118.5014038
34.26583529	-118.4721529
34.26340497	-118.4594888
34.2643454	-118.4364406
34.25748312	-118.4331489
34.24391023	-118.4173114
34.2322724	-118.3960769
34.2224618	-118.3735365
34.21089578	-118.3482941
34.19785078	-118.3388953
34.17373	-118.30147
34.16962289	-118.2981611
34.16478247	-118.2942669
34.15219426	-118.2830894
34.1134723	-118.2656842
34.13239181	-118.2799298
34.138256	-118.269442
34.15752172	-118.2899751
34.15734103	-118.2900598
34.19722294	-118.3371586
34.19644488	-118.3461697
34.19442945	-118.3505067
34.19510587	-118.3500882
34.19631192	-118.3537978
34.19637725	-118.3519364
34.19637258	-118.3515062
34.19670809	-118.3506485
34.19506275	-118.3511415
34.19658683	-118.3534571
34.19639832	-118.3516359
34.19611435	-118.3539104
37.7122487	-122.2122092
37.71184792	-122.211843
37.71184792	-122.211843
37.71134872	-122.2123541
37.71130323	-122.2126771
37.71041389	-122.2119476
37.71034324	-122.2121245
37.71034324	-122.2121245
37.71034324	-122.2121245
37.71034324	-122.2121245
37.71034324	-122.2121245
37.71034324	-122.2121245
37.71034324	-122.2121245
37.71041389	-122.2119476
37.71207845	-122.2115818
37.71049803	-122.2135726
37.71245161	-122.2140859
37.71247111	-122.2141564
37.71131249	-122.2126752
37.71132264	-122.2127318
37.71417707	-122.2108412
37.71052745	-122.2120428
37.71051	-122.212439
37.7104904	-122.2127295
37.71146094	-122.2154843
37.71376495	-122.2140148
37.72110063	-122.1990693
37.7174387	-122.2072836
37.72849905	-122.2011324
37.72865635	-122.1985549
37.72665933	-122.2052655
37.7276051	-122.1988705
37.7376292	-122.1979715
37.73794455	-122.1975716
37.73783018	-122.1975761
37.73730753	-122.1977305
37.7367138	-122.1968781
37.74003545	-122.1986442
37.74046182	-122.1985245
37.74823602	-122.2051006
37.75025621	-122.2028911
37.74912413	-122.2047988
37.76137027	-122.2070179
37.76805645	-122.219335
37.7624595	-122.215131
37.76837775	-122.2232918
37.76754555	-122.2207067
37.77265518	-122.2329416
37.77512075	-122.2304532
37.78216008	-122.2429576
37.78514307	-122.2378446
37.78803405	-122.2520079
37.79337617	-122.2675907
37.79715919	-122.2728625
37.79878087	-122.2715771
37.79737358	-122.2772312
37.808915	-122.275427
37.808977	-122.27482
37.82072425	-122.2658211
37.8294345	-122.2685423
37.84109515	-122.2697317
37.82943255	-122.2647239
37.83833383	-122.2694728
37.83150836	-122.2638758
37.83167383	-122.2637787
37.82894643	-122.2643459
37.82845798	-122.2606752
37.83170617	-122.2641197
37.83211743	-122.2642096
37.83201987	-122.2635902
37.83202908	-122.2628477
37.83206875	-122.2635431
37.8321829	-122.2636773
37.83209003	-122.263207
37.8401282	-122.2623037
37.84003822	-122.2620016
37.83686083	-122.2672856
37.83362365	-122.2632303
37.83429092	-122.2632649
37.83448698	-122.2636763
37.83453033	-122.2635721
37.83857918	-122.2616026
37.83469218	-122.2629167
37.83481412	-122.2630244
37.83785712	-122.2651451
37.83501478	-122.2633698
37.83824933	-122.2644327
37.83508942	-122.2629757
37.83527378	-122.2630028
37.83530174	-122.2629726
37.83542938	-122.2638742
37.83552205	-122.2629297
37.83586895	-122.2623444
37.83577529	-122.2625796
37.83579178	-122.2627612
37.83636003	-122.2619699
37.83603045	-122.2623932
37.83751452	-122.2645821
37.83801288	-122.263058
37.83671679	-122.2621036
37.83709645	-122.2621894
37.83713674	-122.2622299
37.83641868	-122.2623825
37.83601183	-122.2629265
37.83651548	-122.2623607
37.83655592	-122.2626929
37.83695583	-122.2637642
37.83670902	-122.2633821
37.83709808	-122.2633052
37.83653885	-122.2622538
37.83518133	-122.2631956
37.83982158	-122.2593892
37.8393453	-122.2592812
37.84484193	-122.2562321
37.85554592	-122.2600355
37.85835424	-122.2589922
37.85724456	-122.2531517
37.85821329	-122.2448736
37.85823835	-122.2433836
37.85835981	-122.2426652
37.84421422	-122.2279951
37.85421113	-122.2291835
37.8622422	-122.2094357
37.8685811	-122.2025528
37.87885618	-122.1827384
37.87961157	-122.18228
37.89044343	-122.1520866
37.89326191	-122.1179134
37.89324385	-122.1175664
37.895296	-122.1049295
37.89610882	-122.1030435
37.8941556	-122.0749605
37.89463396	-122.0625848
37.89297798	-122.0580013
37.8904945	-122.0580046
37.880956	-122.053715
37.8695988	-122.0292602
37.84910953	-122.0312639
37.84821418	-122.0318325
37.83948748	-122.0184517
37.8295415	-122.0035185
37.82340557	-121.9928443
37.82307837	-121.99203
37.83019348	-122.0021484
37.84306303	-121.9844848
37.83608595	-121.9589246
37.868008	-122.2640183
37.86776862	-122.266152
37.86708437	-122.2658594
37.86470817	-122.2672901
37.86568953	-122.2671935
37.86529977	-122.2674386
37.86552653	-122.2674859
37.86976344	-122.2660089
37.86947579	-122.2659073
37.86964685	-122.2661264
37.8693984	-122.2672826
37.86965983	-122.2668041
37.86928045	-122.2675812
37.86937135	-122.2676626
37.86996739	-122.2678043
37.86939745	-122.2677725
37.8698312	-122.267413
37.86933432	-122.2682214
37.87001752	-122.2692919
37.86559302	-122.2746331
37.86643034	-122.2721084
37.87058941	-122.2679689
37.87054941	-122.2677401
37.86461588	-122.2631817
37.87100558	-122.2677079
37.87101691	-122.2675216
37.87094915	-122.2684658
37.87127995	-122.2679359
37.87125707	-122.267763
37.87129137	-122.2675114
37.87173146	-122.2679907
37.87180423	-122.2677469
37.87172859	-122.2685442
37.87174752	-122.2681365
37.87227842	-122.2669313
37.87241577	-122.2668242
37.87350333	-122.2685652
37.87227953	-122.2672695
37.87221657	-122.2689768
37.87214415	-122.2677612
37.87410173	-122.268912
37.87401497	-122.2684121
37.87228964	-122.2673457
37.8727325	-122.271746
37.87211156	-122.2689982
37.87212866	-122.2690371
37.87218566	-122.2692704
37.87236351	-122.2676075
37.87232362	-122.2682388
37.87248333	-122.2682781
37.87300741	-122.2684554
37.87340097	-122.2663522
37.87337601	-122.268793
37.87374397	-122.2687179
37.87492114	-122.268852
37.87501548	-122.2687351
37.87515404	-122.2689378
37.87621372	-122.2710676
37.87596705	-122.2689314
37.87632353	-122.270033
37.87696578	-122.2688502
37.87714841	-122.269206
37.8713333	-122.2723496
37.87441864	-122.2686232
37.87802279	-122.2692114
37.87791058	-122.2692007
37.87824932	-122.2693241
37.8784868	-122.2692255
37.8818568	-122.2694099
37.88151102	-122.2698484
37.87978263	-122.266817
37.88158592	-122.2689933
37.88114744	-122.2696274
37.87859038	-122.26896
37.88094224	-122.2700536
37.88041721	-122.2686052
37.87933116	-122.2693375
37.8799735	-122.2686526
37.87985085	-122.2687125
37.87977998	-122.2688144
37.87802279	-122.2692114
37.8797603	-122.2693252
37.87969741	-122.2690666
37.87992175	-122.2690881
37.87974822	-122.2690451
37.87974357	-122.269249
37.87959579	-122.2690867
37.88078142	-122.2691311
37.8803156	-122.269839
37.88027114	-122.2682941
37.87988583	-122.2694716
37.87977363	-122.269088
37.8798075	-122.2690344
37.8780724	-122.2694502
37.87854842	-122.2686932
37.87576387	-122.2683303
37.88047327	-122.2670533
37.87430109	-122.2663156
37.8766657	-122.2676879
37.87714841	-122.269206
37.88074886	-122.268
37.88044095	-122.2680259
37.88014188	-122.2667112
37.87767956	-122.2667517
37.88116265	-122.2689008
37.86973569	-122.2672578
37.8805249	-122.2693197
37.87110945	-122.269069
37.88060353	-122.2690202
37.8799938	-122.2694421
37.87039875	-122.2677898
37.87099862	-122.26842
37.87965507	-122.2695172
37.87173188	-122.2690468
37.88067973	-122.2683907
37.87912162	-122.2696131
37.88019418	-122.2687554
37.880441	-122.2684732
37.873712	-122.26997
37.87063579	-122.267307
37.87149772	-122.2683563
37.88018627	-122.2684549
37.8794349	-122.2690451
37.87172958	-122.2683239
37.87117522	-122.2676783
37.87298175	-122.2692704
37.87210685	-122.2686259
37.87991523	-122.2683048
37.87141617	-122.2675103
37.87694868	-122.2696016
37.87270228	-122.2683316
37.87318986	-122.2684727
37.87779958	-122.2689386
37.8770263	-122.2689159
37.87627793	-122.2689781
37.87321662	-122.2682329
37.87303257	-122.2680044
37.8722881	-122.2670518
37.87249498	-122.2664373
37.86915477	-122.267887
37.86967028	-122.2681439
37.86966181	-122.2680902
37.87180847	-122.2693359
37.87585631	-122.2557244
37.87569344	-122.2604996
37.87576317	-122.2601295
37.87096609	-122.2508597
37.88113755	-122.2613606
37.8702954	-122.2678512
37.87227326	-122.267089
37.87571564	-122.260214
37.87556469	-122.2597754
37.87511627	-122.2603671
37.87511627	-122.2603671
37.87439843	-122.2605587
37.87242279	-122.2609556
37.87411779	-122.2656038
37.87635448	-122.2625354
37.87295635	-122.2519112
37.87354016	-122.2612597
37.878735	-122.264986
37.87498889	-122.2689056
37.87642622	-122.2557803
37.86941258	-122.2600395
37.87025818	-122.2725957
37.87026737	-122.2725749
37.87059233	-122.2724385
37.87849495	-122.2671052
37.86454838	-122.2677769
37.86440273	-122.2670416
37.86815973	-122.2701428
37.87185825	-122.2706051
37.8747332	-122.265408
37.8657951	-122.2617415
37.8657951	-122.2617415
37.86928435	-122.2665612
37.86934072	-122.2660914
37.87174526	-122.2622216
37.86767146	-122.2642601
37.86870009	-122.2590373
37.87105898	-122.2631484
37.86958797	-122.2590854
37.87070983	-122.2598275
37.86800178	-122.2639167
37.87035583	-122.2595286
37.8695263	-122.2593033
37.86787748	-122.2634125
37.8692468	-122.2594106
37.8705765	-122.2603226
37.86974537	-122.2596439
37.86883233	-122.2599363
37.86864279	-122.260126
37.86928295	-122.2601295
37.86791413	-122.2701831
37.8699895	-122.260645
37.86954813	-122.2608957
37.86977068	-122.2614742
37.86848455	-122.2623289
37.86901813	-122.2610092
37.86841679	-122.260462
37.86850252	-122.2608608
37.86741665	-122.2627172
37.86774006	-122.2600657
37.86756897	-122.2617493
37.86932303	-122.261728
37.86725995	-122.2612014
37.86395872	-122.2619821
37.86230272	-122.2586197
37.86474447	-122.2614218
37.86512217	-122.2610192
37.8615088	-122.2592244
37.86473685	-122.2584818
37.86442372	-122.2587761
37.8648923	-122.2578439
37.86434304	-122.2557549
37.86405802	-122.2583699
37.8638241	-122.2590786
37.85679427	-122.2595452
37.86647723	-122.2518361
37.85162568	-122.252454
37.85163815	-122.2523226
37.85221162	-122.2525292
37.85797077	-122.2438139
37.859854	-122.256396
37.86512733	-122.2590827
37.86725937	-122.2508211
37.86249865	-122.2542545
37.86432018	-122.242537
37.85832663	-122.2437933
37.85874966	-122.2419177
37.86934628	-122.2603872
37.86882422	-122.259001
37.86838612	-122.2682281
37.86958496	-122.2659679
37.87127945	-122.2577155
37.86807543	-122.2659553
37.86512733	-122.2590827
37.86752113	-122.2597909
37.8686877	-122.2682181
37.8663373	-122.2674542
37.86638081	-122.2672373
37.8680899	-122.267306
37.86708083	-122.2662189
37.86883233	-122.2599363
37.86776582	-122.2598089
37.86861189	-122.260073
37.86856949	-122.2593141
37.86800037	-122.25784
37.86793887	-122.2575869
37.86891655	-122.2568927
37.86990833	-122.2526437
37.868558	-122.252595
37.86781617	-122.2528952
37.867787	-122.252393
37.86797403	-122.25734
37.86945462	-122.2519541
37.86876404	-122.2578442
37.86879512	-122.2578545
37.86901946	-122.2567701
37.86947089	-122.2548041
37.870954	-122.2592094
37.87297815	-122.2549934
37.87153602	-122.2551674
37.87198687	-122.2580188
37.87149524	-122.2530572
37.87012763	-122.2580266
37.87148237	-122.258327
37.87537211	-122.2598139
37.87283778	-122.2558057
37.8731342	-122.2559237
37.87349763	-122.2591483
37.87328905	-122.2576177
37.8746074	-122.2588214
37.88023174	-122.2667116
37.87312103	-122.2664251
37.87587812	-122.2500658
37.86959408	-122.259078
37.87614003	-122.2601477
37.87479411	-122.2582519
37.87405013	-122.25823
37.87582942	-122.2586945
37.87501007	-122.2575653
37.87515615	-122.2574928
37.87511627	-122.2603671
37.87548437	-122.259927
37.8723381	-122.2528446
37.87240586	-122.2591531
37.87525892	-122.2597915
37.87700208	-122.2580961
37.87520327	-122.2596735
37.87175373	-122.2559023
37.8716194	-122.2564027
37.87208318	-122.2578549
37.87334918	-122.2592926
37.87355646	-122.2563306
37.87424565	-122.2571204
37.8738427	-122.2566748
37.87395569	-122.256546
37.87493896	-122.2564392
37.87574176	-122.2581167
37.87550549	-122.2601241
37.87572026	-122.2600061
37.8737355	-122.2541642
37.87641037	-122.2592025
37.87088378	-122.2588852
37.87258743	-122.2596574
37.87350242	-122.2591648
37.87190948	-122.2580845
37.87214755	-122.2580695
37.87192467	-122.2468378
37.87113548	-122.2486067
37.87096609	-122.2508597
37.87208318	-122.2506666
37.87168174	-122.2547168
37.8693993	-122.2548661
37.86967028	-122.2520399
37.8718606	-122.2532791
37.87163257	-122.2532201
37.87142743	-122.2579609
37.87187507	-122.2581658
37.8729654	-122.256772
37.86969065	-122.2525549
37.8682518	-122.2552072
37.87013335	-122.2541081
37.86896735	-122.254775
37.86893343	-122.255795
37.86920196	-122.2545707
37.86772982	-122.2542728
37.86904354	-122.2548079
37.86913759	-122.2545713
37.86848517	-122.2580692
37.86918719	-122.2546904
37.86967028	-122.2569028
37.86878098	-122.2558594
37.86881486	-122.2575465
37.86886568	-122.2573641
37.86810357	-122.2564457
37.86871565	-122.2589122
37.86865123	-122.259105
37.8687597	-122.2584699
37.86860313	-122.2585116
37.86932303	-122.261728
37.86792755	-122.2588197
37.86830663	-122.258091
37.86802138	-122.2578901
37.86810777	-122.2579921
37.86841365	-122.2592228
37.86809494	-122.2580159
37.86843373	-122.2589707
37.8680549	-122.2581253
37.86805403	-122.2581403
37.86827881	-122.2591467
37.86797382	-122.2581828
37.86810737	-122.2583377
37.86818961	-122.2590887
37.86795097	-122.2582656
37.86808012	-122.2583726
37.86818348	-122.258996
37.86811852	-122.2591764
37.86772932	-122.2595369
37.86786065	-122.2581591
37.8679048	-122.2582999
37.86786314	-122.2582423
37.86784151	-122.2582857
37.86786838	-122.2585742
37.86800178	-122.2565889
37.8678538	-122.2585852
37.8677777	-122.2590379
37.86774678	-122.259016
37.8677109	-122.2590011
37.86746528	-122.2591491
37.86767905	-122.2590294
37.86742743	-122.2589014
37.86738043	-122.259032
37.86735598	-122.2588306
37.86731469	-122.2587745
37.8672933	-122.2589251
37.86730197	-122.2588656
37.86725287	-122.2586621
37.8672356	-122.2584636
37.867007	-122.2586615
37.86691804	-122.2590422
37.86684193	-122.2588325
37.8667962	-122.2589503
37.86623597	-122.2591799
37.86670893	-122.2588053
37.86670591	-122.2586381
37.86633912	-122.2589192
37.86636712	-122.2588742
37.86619773	-122.258842
37.86581145	-122.2586944
37.86637775	-122.2589105
37.86606044	-122.2584985
37.86590128	-122.2584772
37.86568424	-122.2584987
37.86563234	-122.2584714
37.86508398	-122.2589691
37.86349388	-122.2588168
37.86490183	-122.2587776
37.86519628	-122.2586421
37.86554782	-122.2583407
37.86652374	-122.2547302
37.8669346	-122.2548831
37.86780837	-122.2567708
37.86780727	-122.258077
37.86716428	-122.256714
37.86815094	-122.2533835
37.8671415	-122.2583955
37.8663123	-122.2582717
37.86567157	-122.2578549
37.86518042	-122.2581903
37.86474466	-122.2588152
37.86449192	-122.2589812
37.86392995	-122.2586588
37.86392777	-122.2589064
37.86391018	-122.2584241
37.86374143	-122.2584665
37.85835981	-122.2426652
37.8500529	-122.2520262
37.85844587	-122.243965
37.84977353	-122.252262
37.86174245	-122.2587025
37.85024737	-122.2518904
37.85038284	-122.252512
37.85047602	-122.2525227
37.85081028	-122.2527519
37.85081028	-122.2527519
37.85132065	-122.2524167
37.85538094	-122.2594643
37.86182223	-122.2535552
37.8546804	-122.248145
37.8556189	-122.2578868
37.85487667	-122.2484005
37.86544391	-122.2568679
37.84807004	-122.2520185
37.8494668	-122.2521472
37.84920527	-122.2525978
37.85867213	-122.2438216
37.86249224	-122.258764
37.84973493	-122.2521783
37.85297375	-122.2603988
37.86188811	-122.2587271
37.85880682	-122.2449587
37.85022908	-122.2519658
37.85020705	-122.2525012
37.85053664	-122.2508414
37.85049056	-122.2525034
37.8507222	-122.2528552
37.85106647	-122.2525825
37.85131672	-122.2524363
37.85821329	-122.2448736
37.85821329	-122.2448736
37.85160937	-122.2524348
37.85162962	-122.2522385
37.85443337	-122.2482064
37.86432073	-122.2493645
37.85823835	-122.2433836
37.8540005	-122.2477459
37.85034507	-122.252619
37.85824787	-122.2500123
37.85876083	-122.252925
37.85841353	-122.2525334
37.8584297	-122.2528934
37.85829494	-122.253027
37.85802552	-122.2531359
37.85799423	-122.2528338
37.85789523	-122.2530662
37.85760873	-122.2524801
37.8575979	-122.2530564
37.85595698	-122.2526729
37.85741108	-122.2529757
37.85735988	-122.2531286
37.85728812	-122.2531128
37.85626873	-122.2525065
37.85640163	-122.2523708
37.85701657	-122.2535113
37.85625873	-122.252794
37.85715138	-122.2532415
37.85637093	-122.2531147
37.85642528	-122.2528446
37.856442	-122.2530567
37.85666055	-122.2533169
37.85674565	-122.2527558
37.85642445	-122.2529626
37.85645887	-122.253028
37.85683363	-122.252991
37.85691793	-122.2532743
37.85730407	-122.2531391
37.85724456	-122.2531517
37.86502679	-122.2580848
37.85765493	-122.253133
37.85844788	-122.2528015
37.85743842	-122.2533043
37.85792508	-122.2530901
37.85788347	-122.2532413
37.85782993	-122.2533113
37.85798003	-122.2532992
37.85628073	-122.2574559
37.85857871	-122.2533703
37.8582242	-122.2531731
37.85833729	-122.2533166
37.86114902	-122.2561392
37.86202252	-122.2534469
37.85800693	-122.2532737
37.85961432	-122.2591572
37.85157117	-122.2599315
37.85851612	-122.2592404
37.85554592	-122.2600355
37.85441029	-122.2598713
37.85050991	-122.2606766
37.84743507	-122.2606581
37.85204221	-122.2606789
37.84001127	-122.259994
37.83986308	-122.2598274
37.83841718	-122.2615877
37.84004585	-122.2618832
37.83799043	-122.2627625
37.83762656	-122.2622986
37.83709645	-122.2621894
37.83709808	-122.2633052
37.83518133	-122.2631956
37.820424	-122.268903
37.80853676	-122.2750555
37.80873417	-122.2760084
37.79868708	-122.2799934
37.79026638	-122.2657657
37.79646598	-122.2629359
37.79293158	-122.265919
37.78835172	-122.2508419
37.78848098	-122.2462127
37.78449249	-122.2425232
37.78394044	-122.2397031
37.78103516	-122.2394979
37.78007312	-122.2391119
37.7756411	-122.2386212
37.77413337	-122.2287152
37.77434417	-122.2298587
37.77446977	-122.2302534
37.77111418	-122.2196534
37.77475448	-122.2240783
37.76946363	-122.2230476
37.77124041	-122.2217836
37.77124041	-122.2217836
37.76954438	-122.2165382
37.76763067	-122.2191211
37.76754555	-122.2207067
37.759774	-122.214162
37.76062065	-122.2117849
37.7513378	-122.2011209
37.75212148	-122.1984077
37.75025621	-122.2028911
37.74680033	-122.2032809
37.7412567	-122.1941946
37.74046182	-122.1985245
37.73946073	-122.1931503
37.73828205	-122.1975584
37.73636035	-122.1964171
37.72982183	-122.1942685
37.73023818	-122.1927843
37.72773851	-122.202419
37.71034324	-122.2121245
37.71034324	-122.2121245
37.71034324	-122.2121245
37.71034324	-122.2121245
37.71034324	-122.2121245
37.71034324	-122.2121245
37.71034324	-122.2121245
37.71041389	-122.2119476
37.71041389	-122.2119476
37.71052745	-122.2120428
37.71130323	-122.2126771
37.71131249	-122.2126752
37.71184792	-122.211843
37.71184792	-122.211843
37.71134872	-122.2123541
37.7122487	-122.2122092
37.71184792	-122.211843
37.71207845	-122.2115818
37.71132264	-122.2127318
37.71417707	-122.2108412
34.19540693	-118.3502371
34.19506275	-118.3511415
34.19670809	-118.3506485
34.19637725	-118.3519364
34.19650237	-118.3520002
34.19637258	-118.3515062
34.19658683	-118.3534571
34.19611435	-118.3539104
34.09357192	-118.2819829
34.09303687	-118.2812735
34.09203083	-118.2799056
34.09093808	-118.2781536
34.08295053	-118.2733188
34.0791285	-118.2784438
34.06053597	-118.2484979
34.0522226	-118.2605803
34.05197078	-118.2556854
34.05044602	-118.2570125
34.04502779	-118.2658803
34.04556883	-118.2659175
34.04525008	-118.2666994
34.0450595	-118.2709339
34.04194053	-118.2668113
34.04261415	-118.2696247
34.04006264	-118.2704079
34.03816897	-118.2740021
34.03430879	-118.2770174
34.03851718	-118.2839673
34.0370935	-118.293855
34.04277384	-118.3100563
34.02936727	-118.4114486
34.03157716	-118.4338255
34.03011917	-118.4670353
34.01727346	-118.4475088
34.02866297	-118.3862821
34.04068784	-118.3490048
34.03816897	-118.2740021
34.03638035	-118.4709439
34.01727346	-118.4475088
34.03638345	-118.3890895
34.03884017	-118.374985
34.03836011	-118.3768433
34.03461992	-118.3456305
34.045437	-118.261152
34.05173495	-118.2570827
34.05223755	-118.2536575
34.06491129	-118.249242
34.10290459	-118.2590117
34.1001208	-118.2593295
34.08970913	-118.2683093
34.08241494	-118.2727812
34.07769192	-118.26611
34.07020205	-118.2601594
34.06781068	-118.2518797
34.0564789	-118.2547719
34.055341	-118.252772
34.04576121	-118.2673287
34.04261415	-118.2696247
34.02976513	-118.373099
34.03987478	-118.3707382
34.03038935	-118.38464
34.03065357	-118.3846222
34.02784937	-118.3937375
34.03126957	-118.4335184
34.02901268	-118.4428041
34.01727346	-118.4475088
34.03082692	-118.4686976
34.03038043	-118.4662628
34.03148192	-118.4687746
34.0302281	-118.4681672
34.01727346	-118.4475088
34.02642328	-118.393362
34.0263015	-118.3931382
34.028311	-118.391182
34.02958378	-118.3887478
34.03027533	-118.3822552
34.03377398	-118.3762426
34.03064622	-118.3723661
34.02985168	-118.3658288
34.03265843	-118.3608187
34.03259286	-118.3572887
34.11707203	-118.2621878
34.0877686	-118.2344744
34.00452215	-118.4311475
34.0045844	-118.430962
34.00760281	-118.430429
34.00610717	-118.4286707
34.00613655	-118.4289545
34.0083362	-118.4246544
34.02631651	-118.4279965
34.02633424	-118.4277824
34.03849113	-118.4407673
34.03872126	-118.4394311
34.05085627	-118.447074
34.05069972	-118.4475363
34.06685918	-118.461215
34.06883454	-118.4667476
34.07274522	-118.4685173
34.08699268	-118.4757662
34.08644775	-118.4754911
34.15652096	-118.4668583
34.16114973	-118.4696725
34.16000711	-118.4689665
34.15839768	-118.4562378
34.1571696	-118.4385538
34.15813387	-118.4243131
34.15804508	-118.424592
34.15747847	-118.4139679
34.15767832	-118.4146549
34.15753102	-118.4139417
34.15796092	-118.4130799
34.15725117	-118.4050989
34.15743028	-118.4040087
34.1578535	-118.3983178
34.15660043	-118.3967282
34.15567552	-118.3964894
34.15658215	-118.3958957
34.15066002	-118.3882691
34.15071348	-118.3874521
34.15686735	-118.3834077
34.15736538	-118.3879911
34.15744901	-118.3870465
34.15739705	-118.3785084
34.15790572	-118.3788533
34.15002428	-118.3768842
34.1542089	-118.377015
34.15260295	-118.3685631
34.15251295	-118.3676293
34.15245778	-118.3515639
34.15243245	-118.3509823
34.15296423	-118.3302796
34.15395921	-118.3247841
34.17823919	-118.3081877
34.10290459	-118.2590117
34.06639195	-118.2375509
34.07341291	-118.240217
34.05418691	-118.2552629
34.0525131	-118.2568435
34.05181423	-118.2552835
34.05063784	-118.2585545
34.05058026	-118.2585445
34.0524274	-118.2568843
34.04919483	-118.2604918
34.0505439	-118.2586508
34.04889036	-118.2609129
34.04645905	-118.2629192
34.04786057	-118.2617291
34.04600129	-118.2661999
34.04568308	-118.2672332
34.03816897	-118.2740021
34.03652428	-118.2846451
34.04182265	-118.3085029
34.02441596	-118.4299281
34.01950108	-118.4213197
34.01998893	-118.4221878
34.014288	-118.419544
34.01247552	-118.4193086
34.00297103	-118.4076083
33.98858374	-118.4037681
33.98555852	-118.3944244
33.98193739	-118.3943242
33.97958543	-118.3853396
33.9805954	-118.3932198
33.95810824	-118.3990152
33.95954222	-118.3958735
33.9567364	-118.3968258
33.9583379	-118.3973676
33.95749073	-118.3946589
33.95798	-118.3961717
33.9505319	-118.4007941
33.95764768	-118.3958949
33.95763651	-118.3970435
33.9500465	-118.3969844
33.95732507	-118.395913
33.95020455	-118.3967809
33.95709417	-118.3978765
33.9505396	-118.3972392
33.95692145	-118.3970811
33.9567364	-118.3968258
33.95672959	-118.3964587
33.95664811	-118.3961874
33.95616763	-118.3966822
33.95613935	-118.3966963
33.9567364	-118.3968258
33.95597756	-118.3968312
33.9558059	-118.3972603
33.95576298	-118.3971369
33.95569861	-118.3964181
33.95466738	-118.3951253
33.9548277	-118.3953149
33.95498925	-118.3975896
33.95472968	-118.3961252
33.95411938	-118.3986178
33.95368394	-118.3959568
33.95430064	-118.3983138
33.95276267	-118.3968384
33.95371064	-118.3967614
33.95339649	-118.3968681
33.95296347	-118.3976671
33.95296347	-118.3976671
33.95326727	-118.3973411
33.95318341	-118.3977343
33.94500958	-118.3972729
33.94455261	-118.3961177
33.95935715	-118.4180206
33.9794796	-118.4386093
33.98043235	-118.4397065
33.98294448	-118.4443116
33.98590167	-118.4429277
33.98608313	-118.4445263
33.98614947	-118.4437649
33.99017883	-118.4484694
33.99045237	-118.4476215
33.9910324	-118.4479213
33.99147168	-118.4485828
33.99450217	-118.4529449
33.99761353	-118.459127
33.99662409	-118.4575403
33.99679297	-118.4580885
34.02697052	-118.5036769
34.01945362	-118.505913
34.01901337	-118.5066179
34.03168022	-118.5104593
34.02997675	-118.5192029
34.02988833	-118.5173442
34.02886249	-118.5184279
34.02013728	-118.5070907
34.02131675	-118.5062249
34.02194232	-118.5076644
34.0259088	-118.5079492
34.02282487	-118.5088813
34.02396507	-118.5095047
34.02433418	-118.510987
34.02440523	-118.5099572
34.0289848	-118.5177471
34.02797085	-118.5184393
34.02798048	-118.518273
34.02636563	-118.5196788
34.02432378	-118.511028
34.02582818	-118.5154605
34.02458113	-118.5137476
34.02390132	-118.5127125
34.02359192	-118.5127061
34.02392989	-118.5129368
34.1134723	-118.2656842
34.12215132	-118.2734062
34.13350198	-118.2786721
34.13297772	-118.2805246
34.13033888	-118.2708355
34.17559599	-118.3070659
34.17855835	-118.3093643
34.17823919	-118.3081877
34.17797058	-118.3074092
34.10975217	-118.2877762
34.1110288	-118.2875512
34.11029005	-118.2876084
34.11068777	-118.2876312
34.10214871	-118.2918534
34.10174693	-118.291608
34.10190844	-118.2943332
34.10206169	-118.303214
34.09817225	-118.3088709
34.09817912	-118.3103783
34.09075712	-118.3094229
34.08849728	-118.3086444
34.08655517	-118.3154652
34.07634234	-118.305426
34.0755301	-118.3086818
34.07408831	-118.3087635
34.07502393	-118.3087482
34.0644301	-118.3090235
34.0647304	-118.3089995
34.06496325	-118.3086777
34.0617243	-118.3088865
34.06171905	-118.309174
34.06166462	-118.3093626
34.06135745	-118.3085493
34.061319	-118.308448
34.06147694	-118.3088279
34.0599844	-118.3093881
34.05955832	-118.3087105
34.058176	-118.3081677
34.0558646	-118.3100528
34.0551384	-118.3090343
34.05251442	-118.3090702
34.051129	-118.30726
34.05064335	-118.3095253
34.05249053	-118.3103299
34.05224203	-118.3096862
34.0530574	-118.319618
34.06074524	-118.3249435
34.05897973	-118.3448339
34.05727708	-118.3459665
34.06057062	-118.3451163
34.06185024	-118.3522689
34.06146075	-118.355523
34.06192936	-118.3596073
34.06357452	-118.3763874
34.06419208	-118.374836
34.06173565	-118.3838784
34.06098975	-118.3839832
34.05935752	-118.3898901
34.05920437	-118.3861184
34.0556422	-118.3949807
34.05680168	-118.3968221
34.06135863	-118.3981277
34.05886285	-118.3972297
34.06181697	-118.3992748
34.0628314	-118.3991003
34.06549888	-118.4096811
34.05807575	-118.414725
34.0581527	-118.4147429
34.05230425	-118.4179217
34.04435793	-118.4205294
34.04636934	-118.4283589
34.0433303	-118.4316547
34.0437771	-118.4313235
34.0431768	-118.4317417
34.04047349	-118.4380338
34.04024482	-118.4379118
34.03360312	-118.4493139
34.0416401	-118.4564263
34.03024706	-118.473258
34.02766818	-118.4742523
34.01968302	-118.4802667
34.01507888	-118.4772543
34.0282682	-118.4749526
34.02812927	-118.4757855
34.02770203	-118.4770011
34.02790973	-118.4761623
34.02649343	-118.4779065
34.03037673	-118.4647755
34.03024047	-118.461229
34.03358614	-118.4554385
34.03297562	-118.4525888
34.0298343	-118.4495107
34.02983796	-118.4494237
34.01727346	-118.4475088
34.03740512	-118.438174
34.03671669	-118.4402176
34.03126957	-118.4335184
34.0265403	-118.4309663
34.0265215	-118.431179
34.01958358	-118.4229453
34.01770031	-118.4281969
34.01188425	-118.4195468
34.01364512	-118.4164622
34.01665777	-118.4104765
34.01927432	-118.3996797
34.01752172	-118.4004479
34.01547848	-118.4074054
34.01725688	-118.40175
34.01721121	-118.401686
34.02386243	-118.3949618
34.02699538	-118.3933108
34.02709155	-118.3928555
34.02321364	-118.3940792
34.02253783	-118.3902383
34.02642328	-118.393362
34.0302903	-118.3829996
34.02832095	-118.3779428
34.02205383	-118.3862116
34.02126589	-118.385392
34.02277792	-118.377986
34.02194015	-118.3791154
34.02569422	-118.3812148
34.02267843	-118.3820363
34.0265789	-118.3835229
34.02630232	-118.3794085
34.02711473	-118.3819759
34.02607441	-118.3814836
34.02641676	-118.3809707
34.02630033	-118.381618
34.02363899	-118.3818991
34.02680363	-118.3793076
34.02699601	-118.3797522
34.02560378	-118.3751728
34.02654758	-118.379961
34.02508693	-118.3725168
34.0260736	-118.3648109
34.02150533	-118.3556903
34.02245029	-118.3556703
34.02091054	-118.334502
34.02188822	-118.3349829
34.02202565	-118.334783
34.02525042	-118.3358649
34.03543745	-118.2731598
34.05261338	-118.2571756
34.05635462	-118.2509023
34.06207728	-118.2487878
34.0687863	-118.2621951
34.0672551	-118.2721434
34.07765924	-118.2711252
34.08307328	-118.2734911
34.1001254	-118.2590419
34.09985613	-118.2591791
34.09944282	-118.2594652
34.08951446	-118.2498085
34.07719615	-118.256936
34.07773081	-118.2599897
34.07480032	-118.253009
34.06207728	-118.2487878
34.06234818	-118.248903
34.06265906	-118.2487249
34.06478812	-118.2490489
34.06491129	-118.249242
34.05231423	-118.2502123
34.05494915	-118.2559049
34.05298112	-118.2551855
34.05055626	-118.2554674
34.05418691	-118.2552629
34.04955258	-118.260288
34.04941	-118.259551
34.04960785	-118.2563796
34.04692054	-118.2614815
34.05204163	-118.2676667
34.04483908	-118.26349
34.04536116	-118.2637239
34.0452192	-118.266392
34.04435633	-118.26617
34.04009803	-118.2697275
34.03816897	-118.2740021
34.03466606	-118.2739146
34.037606	-118.274569
34.03718553	-118.2786344
34.0378634	-118.2795669
34.02772186	-118.3732331
34.0428086	-118.3769475
34.03038935	-118.38464
34.03053238	-118.3844505
34.02507653	-118.3971745
34.02876218	-118.4022546
34.0259047	-118.4114984
34.03617507	-118.4389418
34.02174685	-118.448716
34.02181617	-118.449329
34.02574317	-118.4531982
34.02121217	-118.4524875
34.01727346	-118.4475088
34.03196057	-118.4562365
34.03178187	-118.4567681
34.01727346	-118.4475088
34.03884017	-118.374985
34.03864418	-118.3282891
34.03829167	-118.3279157
34.04261415	-118.2696247
34.04423183	-118.2660213
34.0517271	-118.262947
34.05547749	-118.2486756
34.05580712	-118.2539047
34.06207728	-118.2487878
34.07418707	-118.2523188
34.07772093	-118.2653296
34.07354621	-118.2767379
34.08290112	-118.2735389
34.08547603	-118.2746565
34.08884422	-118.2687599
34.08918223	-118.2690527
34.08970913	-118.2683093
34.10452238	-118.2588313
34.11635778	-118.2628426
34.10734166	-118.2639307
34.10634993	-118.2560155
34.10473987	-118.2577679
34.09417175	-118.2412203
34.086911	-118.231167
34.08425825	-118.2284387
34.07457757	-118.2268731
34.08006177	-118.2284344
34.07541357	-118.232259
34.05797493	-118.2453668
34.06363123	-118.2372106
34.06253463	-118.2389402
34.06241019	-118.2487142
34.05112303	-118.2548597
34.05094381	-118.254894
34.04907357	-118.2559052
34.05274995	-118.2558459
34.0439461	-118.2649081
34.04426662	-118.2660856
34.04227965	-118.265967
34.04523605	-118.2682585
34.04481774	-118.2711826
34.03816897	-118.2740021
34.03995762	-118.2679615
34.04006264	-118.2704079
34.04389501	-118.2758045
34.03461992	-118.3456305
34.03263662	-118.3735713
34.04080998	-118.3768468
34.02876383	-118.393291
34.02681053	-118.3939353
34.02877003	-118.4030559
34.02897093	-118.4034298
34.02780188	-118.4286261
34.02829793	-118.429105
34.02854778	-118.4428606
34.0289217	-118.4428618
34.0308651	-118.4472211
34.03145629	-118.4451967
34.0294288	-118.4504058
34.02717451	-118.4548427
34.01727346	-118.4475088
34.02984768	-118.4678303
34.01727346	-118.4475088
34.029408	-118.430591
34.02709155	-118.3928555
34.0271694	-118.3929854
34.02759782	-118.3927047
34.02321364	-118.3940792
34.02894292	-118.3911421
34.02885892	-118.3912406
34.02420807	-118.3924789
34.02396333	-118.3904676
34.03038935	-118.38464
34.02941477	-118.3792571
34.03224397	-118.3742799
34.03335268	-118.3728693
34.03064622	-118.3723661
34.03238987	-118.3612275
34.04068784	-118.3490048
34.02522325	-118.3353093
34.03980216	-118.3219956
34.03019755	-118.3093674
34.03580327	-118.2919628
34.0370935	-118.293855
34.04492473	-118.2642588
34.05040353	-118.2584279
34.05301876	-118.2529513
34.06169622	-118.2578381
34.07631162	-118.2570725
34.07705793	-118.2591838
34.07626295	-118.2576849
